$ANSIBLE_VAULT;1.1;AES256
61373935386532393931623939303839613636353830386462363535373236653862323030633463
6430633864643435393632633137613933383365356530340a626266316136643030323333353164
62663564626163613365613531613131656135653837623032326462376639613932653564306535
3664316666333264300a373163623434376166396132346262373630663262383866363631396236
66643462313332386337353338633232653436616462363365643862656333366362366261366236
39313962633934353137303433613634353833363635663634333439353063356637613636386466
63336330343162653233373663636435343839646631336365626234356165666261326562353165
33396363363861626165663837333232323833376139663365326632336232363538313661386264
61303532343631643766393831346638663539653433386635633837396362343364633664363666
36386232333762356362323730373335346139303161613337393265313838366431636662356534
62633362396537363235303131336534336366303562333735306535383137303163643632646661
31653763613233613430356132316533653333363264323430396530313838303830386133643339
38323636323733376162363933363936386463363138663136646132356263653232353133373161
6137376437353663333932306462663536613662643530656235
